$jpy
                fcst        lower      upper         CI
  [1,]  2.266467e-03 -0.009815099 0.01434803 0.01208157
  [2,] -4.712856e-03 -0.021606051 0.01218034 0.01689320
  [3,]  1.911247e-03 -0.015093225 0.01891572 0.01700447
  [4,] -1.716160e-03 -0.018763034 0.01533071 0.01704687
  [5,]  1.135424e-03 -0.015939725 0.01821057 0.01707515
  [6,]  2.310406e-04 -0.016877206 0.01733929 0.01710825
  [7,]  1.043624e-03 -0.016104201 0.01819145 0.01714783
  [8,] -2.672533e-05 -0.017187946 0.01713450 0.01716122
  [9,] -5.040443e-04 -0.017674094 0.01666601 0.01717005
 [10,] -2.214100e-03 -0.019405839 0.01497764 0.01719174
 [11,]  3.450236e-03 -0.013754056 0.02065453 0.01720429
 [12,] -2.424744e-03 -0.019638528 0.01478904 0.01721378
 [13,]  6.669343e-04 -0.016553417 0.01788729 0.01722035
 [14,]  4.879838e-04 -0.016765867 0.01774183 0.01725385
 [15,] -4.814688e-05 -0.017310154 0.01721386 0.01726201
 [16,] -1.737503e-03 -0.019021688 0.01554668 0.01728418
 [17,]  1.313062e-03 -0.016005629 0.01863175 0.01731869
 [18,]  2.214576e-04 -0.017125854 0.01756877 0.01734731
 [19,] -1.062120e-03 -0.018437679 0.01631344 0.01737556
 [20,]  9.129759e-04 -0.016470973 0.01829692 0.01738395
 [21,]  2.547476e-05 -0.017360025 0.01741097 0.01738550
 [22,] -1.322963e-03 -0.018731239 0.01608531 0.01740828
 [23,] -3.292120e-05 -0.017463508 0.01739767 0.01743059
 [24,]  6.634146e-04 -0.016781815 0.01810864 0.01744523
 [25,]  1.087443e-03 -0.016363148 0.01853803 0.01745059
 [26,] -1.191259e-03 -0.018650173 0.01626765 0.01745891
 [27,]  5.831617e-04 -0.016898398 0.01806472 0.01748156
 [28,]  3.025266e-04 -0.017197196 0.01780225 0.01749972
 [29,] -7.130063e-04 -0.018228870 0.01680286 0.01751586
 [30,]  4.443753e-04 -0.017074570 0.01796332 0.01751895
 [31,] -1.364510e-04 -0.017656276 0.01738337 0.01751983
 [32,]  2.209698e-04 -0.017299881 0.01774182 0.01752085
 [33,] -1.389109e-04 -0.017660372 0.01738255 0.01752146
 [34,]  8.765049e-05 -0.017434539 0.01760984 0.01752219
 [35,] -1.526729e-04 -0.017675686 0.01737034 0.01752301
 [36,] -4.807683e-05 -0.017571476 0.01747532 0.01752340
 [37,]  9.931967e-05 -0.017425494 0.01762413 0.01752481
 [38,]  9.905756e-05 -0.017426503 0.01762462 0.01752556
 [39,] -2.837329e-04 -0.017809871 0.01724241 0.01752614
 [40,]  2.866936e-04 -0.017239648 0.01781304 0.01752634
 [41,] -2.042277e-04 -0.017731313 0.01732286 0.01752709
 [42,] -1.163138e-04 -0.017644025 0.01741140 0.01752771
 [43,] -3.442161e-06 -0.017531892 0.01752501 0.01752845
 [44,]  2.088146e-04 -0.017320927 0.01773856 0.01752974
 [45,] -1.197196e-04 -0.017650071 0.01741063 0.01753035
 [46,]  3.339783e-05 -0.017497246 0.01756404 0.01753064
 [47,]  1.098572e-04 -0.017421040 0.01764075 0.01753090
 [48,] -1.277680e-04 -0.017658918 0.01740338 0.01753115
 [49,] -1.905356e-04 -0.017721874 0.01734080 0.01753134
 [50,]  1.603671e-04 -0.017371112 0.01769185 0.01753148
 [51,]  1.167463e-04 -0.017415258 0.01764875 0.01753200
 [52,]  2.701226e-05 -0.017505206 0.01755923 0.01753222
 [53,] -8.718399e-05 -0.017619869 0.01744550 0.01753268
 [54,]  6.399860e-05 -0.017468915 0.01759691 0.01753291
 [55,] -6.709729e-05 -0.017600229 0.01746603 0.01753313
 [56,] -1.092154e-05 -0.017544205 0.01752236 0.01753328
 [57,]  1.031803e-04 -0.017430143 0.01763650 0.01753332
 [58,] -7.077389e-05 -0.017604150 0.01746260 0.01753338
 [59,] -1.500641e-05 -0.017548425 0.01751841 0.01753342
 [60,] -1.459803e-05 -0.017548050 0.01751885 0.01753345
 [61,] -1.210302e-05 -0.017545581 0.01752137 0.01753348
 [62,] -4.078486e-06 -0.017537589 0.01752943 0.01753351
 [63,]  3.890856e-05 -0.017494625 0.01757244 0.01753353
 [64,]  4.492019e-05 -0.017488720 0.01757856 0.01753364
 [65,] -4.558134e-05 -0.017579282 0.01748812 0.01753370
 [66,] -1.626183e-05 -0.017549974 0.01751745 0.01753371
 [67,]  1.953531e-06 -0.017531773 0.01753568 0.01753373
 [68,] -3.899900e-05 -0.017572737 0.01749474 0.01753374
 [69,]  1.202212e-05 -0.017521739 0.01754578 0.01753376
 [70,]  3.288957e-05 -0.017500904 0.01756668 0.01753379
 [71,]  1.289897e-05 -0.017520912 0.01754671 0.01753381
 [72,] -2.124973e-05 -0.017555076 0.01751258 0.01753383
 [73,]  6.667183e-06 -0.017527174 0.01754051 0.01753384
 [74,]  7.042887e-06 -0.017526806 0.01754089 0.01753385
 [75,] -3.294972e-05 -0.017566809 0.01750091 0.01753386
 [76,]  1.310702e-05 -0.017520757 0.01754697 0.01753386
 [77,]  1.961127e-05 -0.017514255 0.01755348 0.01753387
 [78,] -8.875453e-06 -0.017542745 0.01752499 0.01753387
 [79,] -1.711551e-05 -0.017550986 0.01751676 0.01753387
 [80,]  1.410669e-05 -0.017519772 0.01754799 0.01753388
 [81,] -3.729011e-07 -0.017534253 0.01753351 0.01753388
 [82,] -9.378033e-06 -0.017543262 0.01752451 0.01753388
 [83,]  1.052880e-05 -0.017523357 0.01754441 0.01753389
 [84,]  4.511592e-06 -0.017529376 0.01753840 0.01753389
 [85,] -2.256062e-05 -0.017556451 0.01751133 0.01753389
 [86,]  1.768253e-06 -0.017532124 0.01753566 0.01753389
 [87,] -2.404405e-07 -0.017534134 0.01753365 0.01753389
 [88,]  3.551951e-06 -0.017530342 0.01753745 0.01753389
 [89,]  3.016921e-06 -0.017530879 0.01753691 0.01753390
 [90,]  7.814327e-06 -0.017526084 0.01754171 0.01753390
 [91,] -3.405018e-07 -0.017534239 0.01753356 0.01753390
 [92,] -1.047242e-05 -0.017544373 0.01752343 0.01753390
 [93,] -1.120563e-06 -0.017535021 0.01753278 0.01753390
 [94,] -1.632788e-06 -0.017535534 0.01753227 0.01753390
 [95,] -1.536528e-06 -0.017535438 0.01753237 0.01753390
 [96,]  2.531945e-06 -0.017531370 0.01753643 0.01753390
 [97,]  4.069629e-06 -0.017529833 0.01753797 0.01753390
 [98,] -2.253999e-06 -0.017536157 0.01753165 0.01753390
 [99,] -2.455042e-06 -0.017536358 0.01753145 0.01753390
[100,] -3.056717e-07 -0.017534209 0.01753360 0.01753390
[101,] -1.643407e-07 -0.017534068 0.01753374 0.01753390
[102,] -3.850300e-06 -0.017537754 0.01753005 0.01753390
[103,]  3.513546e-06 -0.017530390 0.01753742 0.01753390
[104,] -2.912098e-06 -0.017536816 0.01753099 0.01753390
[105,] -2.813792e-06 -0.017536718 0.01753109 0.01753390
[106,] -1.408520e-06 -0.017535313 0.01753250 0.01753390
[107,]  3.582290e-06 -0.017530322 0.01753749 0.01753390
[108,] -8.475360e-07 -0.017534752 0.01753306 0.01753390
[109,]  3.313720e-07 -0.017533573 0.01753424 0.01753390
[110,] -3.191447e-07 -0.017534224 0.01753359 0.01753390
[111,] -2.284828e-06 -0.017536189 0.01753162 0.01753390
[112,] -3.144996e-06 -0.017537050 0.01753076 0.01753390
[113,]  1.098059e-06 -0.017532807 0.01753500 0.01753390
[114,] -6.193808e-08 -0.017533967 0.01753384 0.01753390
[115,]  1.194514e-06 -0.017532710 0.01753510 0.01753390
[116,] -5.135164e-07 -0.017534418 0.01753339 0.01753390
[117,] -3.821439e-07 -0.017534287 0.01753352 0.01753390
[118,] -1.538767e-06 -0.017535444 0.01753237 0.01753390
[119,] -1.540481e-06 -0.017535445 0.01753236 0.01753390
[120,] -2.511289e-07 -0.017534156 0.01753365 0.01753390
[121,] -6.132541e-07 -0.017534518 0.01753329 0.01753390
[122,] -4.802944e-07 -0.017534385 0.01753342 0.01753390
[123,] -6.035426e-07 -0.017534508 0.01753330 0.01753390
[124,] -4.660797e-07 -0.017534371 0.01753344 0.01753390
[125,] -7.398524e-07 -0.017534645 0.01753317 0.01753390
[126,] -4.045686e-07 -0.017534309 0.01753350 0.01753390
[127,] -4.862376e-07 -0.017534391 0.01753342 0.01753390
[128,] -5.028145e-07 -0.017534408 0.01753340 0.01753390
[129,] -9.176050e-07 -0.017534822 0.01753299 0.01753390
[130,] -6.776224e-07 -0.017534583 0.01753323 0.01753390
[131,] -1.039280e-06 -0.017534944 0.01753287 0.01753390
[132,] -2.431382e-07 -0.017534148 0.01753366 0.01753390
[133,] -3.278213e-07 -0.017534233 0.01753358 0.01753390
[134,]  1.288418e-09 -0.017533904 0.01753391 0.01753390
[135,] -5.125007e-07 -0.017534417 0.01753339 0.01753390
[136,] -6.573719e-07 -0.017534562 0.01753325 0.01753390
[137,] -9.129012e-07 -0.017534818 0.01753299 0.01753390
[138,] -8.284268e-07 -0.017534733 0.01753308 0.01753390
[139,] -5.908912e-07 -0.017534496 0.01753331 0.01753390
[140,] -3.686369e-07 -0.017534274 0.01753354 0.01753390
[141,] -4.439422e-07 -0.017534349 0.01753346 0.01753390
[142,] -4.199556e-07 -0.017534325 0.01753348 0.01753390
[143,] -7.227416e-07 -0.017534628 0.01753318 0.01753390
[144,] -6.910459e-07 -0.017534596 0.01753321 0.01753390
[145,] -5.909692e-07 -0.017534496 0.01753331 0.01753390
[146,] -6.245077e-07 -0.017534529 0.01753328 0.01753390
[147,] -5.279170e-07 -0.017534433 0.01753338 0.01753390
[148,] -6.380543e-07 -0.017534543 0.01753327 0.01753390
[149,] -5.757248e-07 -0.017534481 0.01753333 0.01753390
[150,] -6.592318e-07 -0.017534564 0.01753325 0.01753390
[151,] -4.878197e-07 -0.017534393 0.01753342 0.01753390
[152,] -4.836241e-07 -0.017534389 0.01753342 0.01753390
[153,] -5.060830e-07 -0.017534411 0.01753340 0.01753390
[154,] -5.752290e-07 -0.017534480 0.01753333 0.01753390
[155,] -5.879120e-07 -0.017534493 0.01753332 0.01753390
[156,] -6.877476e-07 -0.017534593 0.01753322 0.01753390
[157,] -6.379958e-07 -0.017534543 0.01753327 0.01753390
[158,] -5.182772e-07 -0.017534423 0.01753339 0.01753390
[159,] -4.667861e-07 -0.017534372 0.01753344 0.01753390
[160,] -5.495216e-07 -0.017534454 0.01753336 0.01753390

$can
                fcst        lower      upper         CI
  [1,]  4.436811e-03 -0.006508621 0.01538224 0.01094543
  [2,] -5.319649e-04 -0.015939332 0.01487540 0.01540737
  [3,]  2.847118e-04 -0.015197626 0.01576705 0.01548234
  [4,] -2.510828e-04 -0.015735302 0.01523314 0.01548422
  [5,]  1.906549e-03 -0.013584420 0.01739752 0.01549097
  [6,] -1.931789e-03 -0.017437959 0.01357438 0.01550617
  [7,]  1.290446e-03 -0.014252293 0.01683319 0.01554274
  [8,] -4.450586e-05 -0.015611424 0.01552241 0.01556692
  [9,] -1.673208e-04 -0.015741578 0.01540694 0.01557426
 [10,]  3.076855e-04 -0.015294832 0.01591020 0.01560252
 [11,] -5.833351e-04 -0.016218147 0.01505148 0.01563481
 [12,]  9.035648e-05 -0.015555225 0.01573594 0.01564558
 [13,] -3.107061e-04 -0.015967431 0.01534602 0.01565672
 [14,]  1.242618e-03 -0.014419475 0.01690471 0.01566209
 [15,] -6.076060e-04 -0.016272652 0.01505744 0.01566505
 [16,] -1.594864e-03 -0.017265745 0.01407602 0.01567088
 [17,]  2.063623e-03 -0.013626238 0.01775348 0.01568986
 [18,] -6.901315e-04 -0.016388936 0.01500867 0.01569880
 [19,]  4.799909e-04 -0.015239567 0.01619955 0.01571956
 [20,] -5.604844e-04 -0.016287728 0.01516676 0.01572724
 [21,]  3.805126e-04 -0.015353474 0.01611450 0.01573399
 [22,] -1.272977e-03 -0.017009259 0.01446331 0.01573628
 [23,] -5.467954e-04 -0.016303493 0.01520990 0.01575670
 [24,]  8.620156e-04 -0.014909155 0.01663319 0.01577117
 [25,]  9.127791e-04 -0.014887421 0.01671298 0.01580020
 [26,] -6.292408e-04 -0.016481357 0.01522288 0.01585212
 [27,] -2.788634e-05 -0.015922103 0.01586633 0.01589422
 [28,]  3.526214e-04 -0.015559107 0.01626435 0.01591173
 [29,] -4.831296e-04 -0.016429429 0.01546317 0.01594630
 [30,]  3.876618e-04 -0.015561194 0.01633652 0.01594886
 [31,]  9.610769e-05 -0.015852923 0.01604514 0.01594903
 [32,] -2.820445e-04 -0.016232080 0.01566799 0.01595004
 [33,]  1.196208e-04 -0.015831832 0.01607107 0.01595145
 [34,]  2.322328e-04 -0.015720675 0.01618514 0.01595291
 [35,] -2.907371e-04 -0.016244780 0.01566331 0.01595404
 [36,]  4.752189e-04 -0.015479801 0.01643024 0.01595502
 [37,] -2.001313e-04 -0.016155800 0.01575554 0.01595567
 [38,]  5.851308e-05 -0.015897650 0.01601468 0.01595616
 [39,] -3.628587e-04 -0.016320076 0.01559436 0.01595722
 [40,]  1.216082e-04 -0.015836058 0.01607927 0.01595767
 [41,] -9.287482e-05 -0.016051882 0.01586613 0.01595901
 [42,]  9.300237e-05 -0.015866554 0.01605256 0.01595956
 [43,] -9.982965e-05 -0.016059979 0.01586032 0.01596015
 [44,]  1.406361e-04 -0.015820316 0.01610159 0.01596095
 [45,] -9.098659e-05 -0.016052265 0.01587029 0.01596128
 [46,]  5.264173e-06 -0.015956452 0.01596698 0.01596172
 [47,] -1.128608e-04 -0.016075262 0.01584954 0.01596240
 [48,]  1.022225e-04 -0.015860468 0.01606491 0.01596269
 [49,] -1.699387e-04 -0.016133374 0.01579350 0.01596344
 [50,]  1.373700e-04 -0.015826506 0.01610125 0.01596388
 [51,]  2.136008e-06 -0.015962189 0.01596646 0.01596432
 [52,]  1.352710e-04 -0.015829408 0.01609995 0.01596468
 [53,] -5.189306e-05 -0.016017030 0.01591324 0.01596514
 [54,]  2.552474e-05 -0.015940384 0.01599143 0.01596591
 [55,]  2.528907e-05 -0.015940872 0.01599145 0.01596616
 [56,] -9.931264e-05 -0.016065874 0.01586725 0.01596656
 [57,]  8.481272e-05 -0.015881816 0.01605144 0.01596663
 [58,] -5.372823e-05 -0.016020383 0.01591293 0.01596665
 [59,]  1.656443e-05 -0.015950097 0.01598323 0.01596666
 [60,] -8.720592e-09 -0.015966699 0.01596668 0.01596669
 [61,]  2.399427e-05 -0.015942760 0.01599075 0.01596675
 [62,] -4.968428e-05 -0.016016451 0.01591708 0.01596677
 [63,]  6.594593e-05 -0.015900865 0.01603276 0.01596681
 [64,] -7.792434e-05 -0.016044736 0.01588889 0.01596681
 [65,]  4.801282e-05 -0.015918801 0.01601483 0.01596681
 [66,] -8.228477e-05 -0.016049137 0.01588457 0.01596685
 [67,]  2.369478e-05 -0.015943175 0.01599056 0.01596687
 [68,] -2.675781e-05 -0.015993660 0.01594014 0.01596690
 [69,]  4.953159e-05 -0.015917393 0.01601646 0.01596692
 [70,] -2.223581e-05 -0.015989177 0.01594470 0.01596694
 [71,]  3.173309e-05 -0.015935223 0.01599869 0.01596696
 [72,] -1.678776e-05 -0.015983756 0.01595018 0.01596697
 [73,]  1.163795e-05 -0.015955341 0.01597862 0.01596698
 [74,] -3.158326e-05 -0.015998573 0.01593541 0.01596699
 [75,]  3.862183e-05 -0.015928377 0.01600562 0.01596700
 [76,] -1.898815e-05 -0.015986012 0.01594804 0.01596702
 [77,]  2.937025e-05 -0.015937672 0.01599641 0.01596704
 [78,] -1.445436e-05 -0.015981516 0.01595261 0.01596706
 [79,]  1.062989e-05 -0.015956443 0.01597770 0.01596707
 [80,] -6.475977e-06 -0.015973554 0.01596060 0.01596708
 [81,] -9.546885e-07 -0.015968038 0.01596613 0.01596708
 [82,]  9.410093e-06 -0.015957678 0.01597650 0.01596709
 [83,] -2.066863e-05 -0.015987762 0.01594642 0.01596709
 [84,]  4.912944e-06 -0.015962181 0.01597201 0.01596709
 [85,] -1.259461e-05 -0.015979690 0.01595450 0.01596710
 [86,]  7.929735e-06 -0.015959166 0.01597503 0.01596710
 [87,] -5.881782e-06 -0.015972978 0.01596121 0.01596710
 [88,]  1.005621e-05 -0.015957042 0.01597715 0.01596710
 [89,] -7.352462e-06 -0.015974451 0.01595975 0.01596710
 [90,]  3.619396e-06 -0.015963479 0.01597072 0.01596710
 [91,] -1.274985e-05 -0.015979849 0.01595435 0.01596710
 [92,]  1.235203e-05 -0.015954747 0.01597945 0.01596710
 [93,] -1.217291e-05 -0.015979274 0.01595493 0.01596710
 [94,]  9.430639e-06 -0.015957671 0.01597653 0.01596710
 [95,] -2.884369e-06 -0.015969987 0.01596422 0.01596710
 [96,]  8.793544e-06 -0.015958310 0.01597590 0.01596710
 [97,] -5.855947e-06 -0.015972960 0.01596125 0.01596710
 [98,]  7.017487e-06 -0.015960087 0.01597412 0.01596710
 [99,] -3.611242e-06 -0.015970716 0.01596349 0.01596710
[100,]  2.104157e-06 -0.015965001 0.01596921 0.01596711
[101,] -5.902437e-06 -0.015973008 0.01596120 0.01596711
[102,]  5.945525e-06 -0.015961160 0.01597305 0.01596711
[103,] -4.137022e-06 -0.015971243 0.01596297 0.01596711
[104,]  9.348359e-07 -0.015966172 0.01596804 0.01596711
[105,] -6.865030e-07 -0.015967794 0.01596642 0.01596711
[106,] -2.171101e-07 -0.015967324 0.01596689 0.01596711
[107,] -1.700215e-06 -0.015968808 0.01596541 0.01596711
[108,] -4.676624e-07 -0.015967575 0.01596664 0.01596711
[109,]  1.521687e-06 -0.015965586 0.01596863 0.01596711
[110,] -4.418490e-06 -0.015971526 0.01596269 0.01596711
[111,]  1.210785e-06 -0.015965897 0.01596832 0.01596711
[112,] -1.333706e-06 -0.015968441 0.01596577 0.01596711
[113,]  1.644133e-06 -0.015965463 0.01596875 0.01596711
[114,] -1.070514e-06 -0.015968178 0.01596604 0.01596711
[115,]  2.872774e-06 -0.015964235 0.01596998 0.01596711
[116,] -1.684834e-06 -0.015968792 0.01596542 0.01596711
[117,]  3.933290e-07 -0.015966714 0.01596750 0.01596711
[118,] -1.425973e-06 -0.015968534 0.01596568 0.01596711
[119,]  1.901395e-06 -0.015965206 0.01596901 0.01596711
[120,] -1.686723e-06 -0.015968794 0.01596542 0.01596711
[121,]  1.646826e-06 -0.015965461 0.01596875 0.01596711
[122,] -7.804414e-07 -0.015967888 0.01596633 0.01596711
[123,]  5.831745e-07 -0.015966525 0.01596769 0.01596711
[124,] -1.325334e-06 -0.015968433 0.01596578 0.01596711
[125,]  8.129917e-07 -0.015966295 0.01596792 0.01596711
[126,] -9.181496e-07 -0.015968026 0.01596619 0.01596711
[127,] -1.444472e-07 -0.015967252 0.01596696 0.01596711
[128,] -7.619113e-07 -0.015967870 0.01596635 0.01596711
[129,]  1.040447e-07 -0.015967004 0.01596721 0.01596711
[130,] -8.435674e-07 -0.015967951 0.01596626 0.01596711
[131,] -1.887467e-07 -0.015967297 0.01596692 0.01596711
[132,]  3.697629e-07 -0.015966738 0.01596748 0.01596711
[133,] -3.813563e-07 -0.015967489 0.01596673 0.01596711
[134,] -7.518950e-08 -0.015967183 0.01596703 0.01596711
[135,] -1.999755e-07 -0.015967308 0.01596691 0.01596711
[136,]  2.479739e-08 -0.015967083 0.01596713 0.01596711
[137,] -7.282006e-07 -0.015967836 0.01596638 0.01596711
[138,]  4.215162e-07 -0.015966686 0.01596753 0.01596711
[139,] -2.966861e-07 -0.015967405 0.01596681 0.01596711
[140,]  2.328917e-07 -0.015966875 0.01596734 0.01596711
[141,] -3.702184e-07 -0.015967478 0.01596674 0.01596711
[142,]  3.064543e-07 -0.015966802 0.01596741 0.01596711
[143,] -5.159209e-07 -0.015967624 0.01596659 0.01596711
[144,] -2.713590e-08 -0.015967135 0.01596708 0.01596711
[145,] -3.024926e-07 -0.015967410 0.01596681 0.01596711
[146,] -1.405571e-08 -0.015967122 0.01596709 0.01596711
[147,] -4.446937e-07 -0.015967553 0.01596666 0.01596711
[148,]  4.950972e-09 -0.015967103 0.01596711 0.01596711
[149,] -3.258546e-07 -0.015967434 0.01596678 0.01596711
[150,] -1.261990e-07 -0.015967234 0.01596698 0.01596711
[151,] -2.556557e-07 -0.015967364 0.01596685 0.01596711
[152,] -6.708701e-08 -0.015967175 0.01596704 0.01596711
[153,] -2.755251e-07 -0.015967383 0.01596683 0.01596711
[154,] -1.720517e-07 -0.015967280 0.01596694 0.01596711
[155,] -1.742150e-07 -0.015967282 0.01596693 0.01596711
[156,] -1.965804e-07 -0.015967305 0.01596691 0.01596711
[157,] -1.429626e-07 -0.015967251 0.01596697 0.01596711
[158,] -1.366755e-07 -0.015967245 0.01596697 0.01596711
[159,] -2.168490e-08 -0.015967130 0.01596709 0.01596711
[160,] -2.043827e-07 -0.015967312 0.01596690 0.01596711

$cny
                fcst        lower       upper          CI
  [1,]  8.706056e-04 -0.002473281 0.004214492 0.003343886
  [2,]  6.256940e-04 -0.004101892 0.005353280 0.004727586
  [3,] -6.908674e-04 -0.005432245 0.004050510 0.004741378
  [4,]  3.759915e-04 -0.004370692 0.005122675 0.004746683
  [5,]  2.933179e-04 -0.004460130 0.005046766 0.004753448
  [6,] -1.547193e-04 -0.004911654 0.004602216 0.004756935
  [7,]  1.271112e-04 -0.004635573 0.004889795 0.004762684
  [8,]  4.014211e-04 -0.004364788 0.005167630 0.004766209
  [9,] -6.492841e-04 -0.005421519 0.004122951 0.004772235
 [10,]  4.861393e-04 -0.004290575 0.005262853 0.004776714
 [11,] -4.777348e-04 -0.005257468 0.004301999 0.004779734
 [12,]  2.476078e-04 -0.004533085 0.005028300 0.004780693
 [13,]  1.533618e-05 -0.004768252 0.004798925 0.004783588
 [14,] -4.782317e-05 -0.004836496 0.004740849 0.004788672
 [15,]  3.143914e-04 -0.004477802 0.005106585 0.004792193
 [16,]  5.244982e-05 -0.004743536 0.004848435 0.004795986
 [17,] -1.287916e-04 -0.004929096 0.004671513 0.004800304
 [18,]  2.181878e-04 -0.004582575 0.005018950 0.004800762
 [19,] -2.645381e-04 -0.005068205 0.004539129 0.004803667
 [20,]  2.360678e-04 -0.004571774 0.005043910 0.004807842
 [21,] -1.899012e-04 -0.005001565 0.004621763 0.004811664
 [22,]  2.686230e-04 -0.004545379 0.005082625 0.004814002
 [23,] -4.512278e-04 -0.005269911 0.004367456 0.004818684
 [24,]  1.708743e-04 -0.004653933 0.004995682 0.004824807
 [25,] -2.839041e-04 -0.005111991 0.004544183 0.004828087
 [26,]  1.603069e-04 -0.004669559 0.004990172 0.004829866
 [27,] -1.298259e-05 -0.004847602 0.004821636 0.004834619
 [28,] -5.971018e-06 -0.004841562 0.004829620 0.004835591
 [29,]  1.881885e-05 -0.004818034 0.004855671 0.004836852
 [30,] -2.770801e-05 -0.004864667 0.004809251 0.004836959
 [31,]  9.986095e-05 -0.004737120 0.004936842 0.004836981
 [32,] -4.675884e-05 -0.004883845 0.004790327 0.004837086
 [33,]  9.910169e-05 -0.004738266 0.004936469 0.004837368
 [34,] -5.438418e-05 -0.004892240 0.004783472 0.004837856
 [35,]  1.381220e-05 -0.004824164 0.004851788 0.004837976
 [36,]  3.157079e-08 -0.004837990 0.004838053 0.004838021
 [37,] -7.840645e-07 -0.004838956 0.004837388 0.004838172
 [38,]  4.579162e-05 -0.004792577 0.004884160 0.004838369
 [39,]  5.061243e-07 -0.004837984 0.004838996 0.004838490
 [40,]  1.308477e-05 -0.004825453 0.004851622 0.004838537
 [41,] -7.920729e-06 -0.004846702 0.004830860 0.004838781
 [42,] -4.120968e-05 -0.004880085 0.004797665 0.004838875
 [43,]  1.295271e-06 -0.004837644 0.004840234 0.004838939
 [44,] -1.146205e-05 -0.004850507 0.004827583 0.004839045
 [45,]  2.924458e-05 -0.004809847 0.004868337 0.004839092
 [46,] -7.022599e-05 -0.004909387 0.004768935 0.004839161
 [47,]  5.290994e-05 -0.004786339 0.004892159 0.004839249
 [48,] -5.934716e-05 -0.004898636 0.004779941 0.004839289
 [49,]  1.242619e-06 -0.004838128 0.004840614 0.004839371
 [50,]  2.494802e-06 -0.004836980 0.004841970 0.004839475
 [51,]  2.188650e-05 -0.004817598 0.004861371 0.004839485
 [52,]  1.668912e-05 -0.004822830 0.004856208 0.004839519
 [53,] -2.192919e-05 -0.004861457 0.004817598 0.004839527
 [54,]  3.011012e-05 -0.004809440 0.004869660 0.004839550
 [55,] -4.302614e-06 -0.004843874 0.004835269 0.004839572
 [56,]  1.201744e-05 -0.004827586 0.004851621 0.004839603
 [57,]  1.966591e-06 -0.004837647 0.004841581 0.004839614
 [58,]  5.991975e-06 -0.004833633 0.004845617 0.004839625
 [59,] -3.168467e-06 -0.004842797 0.004836460 0.004839628
 [60,] -1.315566e-06 -0.004840948 0.004838316 0.004839632
 [61,] -1.110148e-06 -0.004840752 0.004838532 0.004839642
 [62,]  6.766298e-06 -0.004832884 0.004846417 0.004839650
 [63,] -4.501491e-06 -0.004844155 0.004835152 0.004839654
 [64,]  3.698206e-06 -0.004835958 0.004843355 0.004839657
 [65,] -5.359557e-06 -0.004845019 0.004834300 0.004839660
 [66,] -4.338065e-06 -0.004844002 0.004835326 0.004839664
 [67,] -1.060349e-05 -0.004850269 0.004829062 0.004839666
 [68,]  4.558891e-06 -0.004835107 0.004844225 0.004839666
 [69,] -4.076368e-06 -0.004843749 0.004835596 0.004839672
 [70,] -5.822558e-07 -0.004840256 0.004839092 0.004839674
 [71,]  1.001242e-06 -0.004838675 0.004840678 0.004839677
 [72,]  3.743832e-06 -0.004835933 0.004843421 0.004839677
 [73,] -2.442794e-06 -0.004842121 0.004837235 0.004839678
 [74,]  4.557334e-06 -0.004835121 0.004844236 0.004839678
 [75,]  6.539046e-07 -0.004839025 0.004840333 0.004839679
 [76,] -4.095284e-07 -0.004840090 0.004839271 0.004839680
 [77,]  4.678173e-06 -0.004835003 0.004844359 0.004839681
 [78,]  1.255476e-06 -0.004838426 0.004840937 0.004839681
 [79,]  5.442376e-06 -0.004834239 0.004845124 0.004839681
 [80,] -3.293782e-06 -0.004842975 0.004836388 0.004839681
 [81,]  5.432098e-06 -0.004834250 0.004845115 0.004839682
 [82,] -1.345388e-06 -0.004841028 0.004838338 0.004839683
 [83,]  4.851088e-07 -0.004839199 0.004840169 0.004839684
 [84,] -8.423940e-07 -0.004840526 0.004838842 0.004839684
 [85,] -4.872212e-07 -0.004840172 0.004839197 0.004839685
 [86,] -1.755476e-06 -0.004841440 0.004837929 0.004839685
 [87,] -5.652336e-07 -0.004840250 0.004839120 0.004839685
 [88,]  3.142211e-07 -0.004839371 0.004839999 0.004839685
 [89,]  1.507680e-06 -0.004838178 0.004841193 0.004839685
 [90,] -1.453539e-06 -0.004841139 0.004838232 0.004839685
 [91,]  1.257100e-06 -0.004838428 0.004840943 0.004839685
 [92,] -8.184555e-07 -0.004840504 0.004838867 0.004839686
 [93,] -3.508259e-07 -0.004840037 0.004839335 0.004839686
 [94,] -2.335066e-07 -0.004839919 0.004839452 0.004839686
 [95,]  1.454652e-06 -0.004838231 0.004841141 0.004839686
 [96,]  1.298484e-06 -0.004838388 0.004840985 0.004839686
 [97,]  2.744977e-07 -0.004839412 0.004839961 0.004839686
 [98,]  1.894571e-06 -0.004837792 0.004841581 0.004839686
 [99,]  7.736328e-07 -0.004838913 0.004840460 0.004839686
[100,]  7.311873e-07 -0.004838955 0.004840417 0.004839686
[101,]  3.333547e-07 -0.004839353 0.004840020 0.004839686
[102,]  1.267184e-06 -0.004838419 0.004840953 0.004839686
[103,] -1.878126e-07 -0.004839874 0.004839498 0.004839686
[104,]  5.864196e-07 -0.004839100 0.004840273 0.004839686
[105,]  1.325841e-07 -0.004839554 0.004839819 0.004839686
[106,]  7.772290e-07 -0.004838909 0.004840464 0.004839686
[107,] -2.740492e-07 -0.004839960 0.004839412 0.004839686
[108,]  9.783329e-07 -0.004838708 0.004840665 0.004839686
[109,] -2.143168e-07 -0.004839901 0.004839472 0.004839686
[110,]  1.221540e-07 -0.004839564 0.004839809 0.004839686
[111,] -2.737709e-08 -0.004839714 0.004839659 0.004839686
[112,]  3.046524e-07 -0.004839382 0.004839991 0.004839686
[113,]  2.133127e-07 -0.004839473 0.004839900 0.004839686
[114,]  5.337200e-07 -0.004839153 0.004840220 0.004839686
[115,]  6.857665e-07 -0.004839001 0.004840372 0.004839686
[116,]  5.931158e-07 -0.004839093 0.004840280 0.004839686
[117,]  3.892479e-07 -0.004839297 0.004840076 0.004839686
[118,]  4.740011e-07 -0.004839212 0.004840160 0.004839686
[119,]  5.613247e-07 -0.004839125 0.004840248 0.004839686
[120,]  3.225982e-07 -0.004839364 0.004840009 0.004839686
[121,]  6.502905e-07 -0.004839036 0.004840337 0.004839686
[122,]  4.964116e-07 -0.004839190 0.004840183 0.004839686
[123,]  6.395341e-07 -0.004839047 0.004840326 0.004839686
[124,]  3.009235e-07 -0.004839386 0.004839987 0.004839686
[125,]  7.043059e-07 -0.004838982 0.004840391 0.004839686
[126,]  2.736999e-07 -0.004839413 0.004839960 0.004839686
[127,]  4.340830e-07 -0.004839252 0.004840121 0.004839686
[128,]  2.446848e-07 -0.004839442 0.004839931 0.004839686
[129,]  4.822652e-07 -0.004839204 0.004840169 0.004839686
[130,]  1.654093e-07 -0.004839521 0.004839852 0.004839686
[131,]  4.306121e-07 -0.004839256 0.004840117 0.004839686
[132,]  3.591570e-07 -0.004839327 0.004840046 0.004839686
[133,]  4.689297e-07 -0.004839218 0.004840155 0.004839686
[134,]  3.504218e-07 -0.004839336 0.004840037 0.004839686
[135,]  5.202737e-07 -0.004839166 0.004840207 0.004839686
[136,]  3.420088e-07 -0.004839344 0.004840028 0.004839686
[137,]  4.041164e-07 -0.004839282 0.004840091 0.004839686
[138,]  4.141257e-07 -0.004839272 0.004840101 0.004839686
[139,]  4.646377e-07 -0.004839222 0.004840151 0.004839686
[140,]  4.756741e-07 -0.004839211 0.004840162 0.004839686
[141,]  4.679977e-07 -0.004839218 0.004840154 0.004839686
[142,]  5.145648e-07 -0.004839172 0.004840201 0.004839686
[143,]  4.105791e-07 -0.004839276 0.004840097 0.004839686
[144,]  4.563554e-07 -0.004839230 0.004840143 0.004839686
[145,]  3.965034e-07 -0.004839290 0.004840083 0.004839686
[146,]  4.674106e-07 -0.004839219 0.004840154 0.004839686
[147,]  3.699070e-07 -0.004839317 0.004840056 0.004839686
[148,]  4.562519e-07 -0.004839230 0.004840143 0.004839686
[149,]  3.795823e-07 -0.004839307 0.004840066 0.004839686
[150,]  4.385548e-07 -0.004839248 0.004840125 0.004839686
[151,]  3.802804e-07 -0.004839306 0.004840067 0.004839686
[152,]  4.553356e-07 -0.004839231 0.004840142 0.004839686
[153,]  3.740082e-07 -0.004839312 0.004840060 0.004839686
[154,]  4.299177e-07 -0.004839257 0.004840116 0.004839686
[155,]  3.804008e-07 -0.004839306 0.004840067 0.004839686
[156,]  4.349764e-07 -0.004839251 0.004840121 0.004839686
[157,]  3.931613e-07 -0.004839293 0.004840080 0.004839686
[158,]  4.498492e-07 -0.004839237 0.004840136 0.004839686
[159,]  4.337840e-07 -0.004839253 0.004840120 0.004839686
[160,]  4.437152e-07 -0.004839243 0.004840130 0.004839686

$interest
                fcst       lower      upper         CI
  [1,] -4.725811e-03 -0.04817060 0.03871898 0.04344479
  [2,] -5.090681e-03 -0.06642030 0.05623893 0.06132962
  [3,]  6.536276e-04 -0.06070515 0.06201240 0.06135878
  [4,]  1.322129e-03 -0.06006707 0.06271133 0.06138920
  [5,] -4.622746e-03 -0.06601886 0.05677336 0.06139611
  [6,]  3.991236e-03 -0.05750053 0.06548300 0.06149177
  [7,]  6.618068e-03 -0.05496283 0.06819897 0.06158090
  [8,] -1.402496e-03 -0.06312832 0.06032333 0.06172583
  [9,] -6.115146e-03 -0.06789099 0.05566070 0.06177585
 [10,]  1.967217e-03 -0.05983748 0.06377191 0.06180470
 [11,]  1.258594e-05 -0.06182096 0.06184613 0.06183355
 [12,] -1.111304e-03 -0.06296192 0.06073931 0.06185061
 [13,] -7.501817e-04 -0.06265712 0.06115676 0.06190694
 [14,] -1.742099e-03 -0.06367700 0.06019280 0.06193490
 [15,]  2.415941e-03 -0.05959248 0.06442436 0.06200842
 [16,] -1.890997e-03 -0.06393638 0.06015438 0.06204538
 [17,]  2.622962e-03 -0.05953635 0.06478228 0.06215931
 [18,]  3.784088e-04 -0.06191588 0.06267270 0.06229429
 [19,] -5.010591e-03 -0.06734484 0.05732366 0.06233425
 [20,]  4.294864e-03 -0.05805582 0.06664555 0.06235068
 [21,] -2.309267e-03 -0.06472463 0.06010609 0.06241536
 [22,] -8.009872e-05 -0.06253775 0.06237755 0.06245765
 [23,] -2.858949e-04 -0.06277835 0.06220656 0.06249245
 [24,]  4.696991e-04 -0.06210322 0.06304262 0.06257292
 [25,]  4.083409e-03 -0.05857437 0.06674119 0.06265778
 [26,] -4.376904e-03 -0.06706780 0.05831399 0.06269090
 [27,]  3.008333e-03 -0.05970805 0.06572472 0.06271639
 [28,]  1.828554e-04 -0.06258111 0.06294682 0.06276396
 [29,] -1.170875e-03 -0.06400839 0.06166664 0.06283751
 [30,] -1.263625e-04 -0.06296507 0.06271234 0.06283870
 [31,] -1.492676e-04 -0.06299352 0.06269498 0.06284425
 [32,]  9.340857e-04 -0.06191115 0.06377932 0.06284524
 [33,] -6.588679e-04 -0.06350546 0.06218773 0.06284660
 [34,]  8.187422e-04 -0.06203114 0.06366863 0.06284989
 [35,] -7.905906e-04 -0.06364449 0.06206331 0.06285390
 [36,] -6.114983e-04 -0.06346743 0.06224443 0.06285593
 [37,]  2.450255e-04 -0.06261343 0.06310348 0.06285846
 [38,]  1.986981e-04 -0.06266251 0.06305991 0.06286121
 [39,]  4.669273e-04 -0.06239464 0.06332850 0.06286157
 [40,] -1.142496e-03 -0.06400442 0.06171942 0.06286192
 [41,] -1.773899e-05 -0.06288149 0.06284601 0.06286375
 [42,]  6.731854e-04 -0.06219389 0.06354026 0.06286708
 [43,] -7.482118e-04 -0.06361921 0.06212279 0.06287100
 [44,]  5.082728e-04 -0.06236721 0.06338376 0.06287548
 [45,] -3.635967e-05 -0.06291528 0.06284256 0.06287892
 [46,]  2.196735e-04 -0.06266164 0.06310099 0.06288131
 [47,] -1.468035e-04 -0.06302972 0.06273611 0.06288291
 [48,] -1.052271e-05 -0.06289418 0.06287314 0.06288366
 [49,]  3.832188e-05 -0.06284621 0.06292286 0.06288454
 [50,]  8.477127e-05 -0.06280045 0.06296999 0.06288522
 [51,]  2.175939e-05 -0.06286456 0.06290808 0.06288632
 [52,]  3.819638e-04 -0.06250650 0.06327042 0.06288846
 [53,] -5.420681e-04 -0.06343137 0.06234723 0.06288930
 [54,]  2.593037e-04 -0.06263017 0.06314878 0.06288947
 [55,] -5.697714e-05 -0.06294661 0.06283266 0.06288964
 [56,]  2.127311e-05 -0.06286869 0.06291124 0.06288997
 [57,] -5.263575e-05 -0.06294278 0.06283751 0.06289015
 [58,]  8.033204e-05 -0.06280988 0.06297054 0.06289021
 [59,] -9.214483e-05 -0.06298254 0.06279825 0.06289039
 [60,] -4.233522e-05 -0.06293287 0.06284820 0.06289054
 [61,] -5.902874e-05 -0.06294968 0.06283163 0.06289066
 [62,]  8.767621e-06 -0.06288196 0.06289949 0.06289072
 [63,] -7.229874e-05 -0.06296318 0.06281859 0.06289088
 [64,]  9.874436e-05 -0.06279217 0.06298966 0.06289092
 [65,] -1.941631e-05 -0.06291042 0.06287159 0.06289100
 [66,]  1.052830e-04 -0.06278578 0.06299634 0.06289106
 [67,] -1.976184e-04 -0.06308872 0.06269349 0.06289110
 [68,]  7.831700e-05 -0.06281283 0.06296946 0.06289114
 [69,]  5.251101e-05 -0.06283871 0.06294373 0.06289122
 [70,] -3.198158e-05 -0.06292322 0.06285926 0.06289124
 [71,]  5.108324e-05 -0.06284020 0.06294237 0.06289129
 [72,] -3.236707e-05 -0.06292371 0.06285897 0.06289134
 [73,]  5.969150e-05 -0.06283170 0.06295108 0.06289139
 [74,] -6.934104e-05 -0.06296079 0.06282211 0.06289145
 [75,]  6.783703e-06 -0.06288467 0.06289824 0.06289146
 [76,]  1.955842e-05 -0.06287191 0.06291103 0.06289147
 [77,]  1.960551e-05 -0.06287188 0.06291109 0.06289148
 [78,] -4.507302e-05 -0.06293656 0.06284641 0.06289149
 [79,]  3.916615e-05 -0.06285234 0.06293067 0.06289150
 [80,] -5.830221e-05 -0.06294982 0.06283321 0.06289152
 [81,]  2.140848e-05 -0.06287011 0.06291293 0.06289152
 [82,] -2.671656e-05 -0.06291824 0.06286481 0.06289153
 [83,]  4.811468e-05 -0.06284342 0.06293965 0.06289153
 [84,] -4.159481e-05 -0.06293314 0.06284995 0.06289154
 [85,]  2.482384e-05 -0.06286672 0.06291637 0.06289154
 [86,] -4.545099e-05 -0.06293700 0.06284610 0.06289155
 [87,]  1.861685e-05 -0.06287294 0.06291017 0.06289155
 [88,] -1.618820e-05 -0.06290775 0.06287537 0.06289156
 [89,]  3.458544e-05 -0.06285698 0.06292615 0.06289156
 [90,] -7.826852e-06 -0.06289939 0.06288374 0.06289156
 [91,]  1.491452e-05 -0.06287665 0.06290648 0.06289156
 [92,] -2.173282e-05 -0.06291330 0.06286983 0.06289157
 [93,]  2.040328e-05 -0.06287117 0.06291197 0.06289157
 [94,] -3.096168e-05 -0.06292253 0.06286061 0.06289157
 [95,]  2.236321e-05 -0.06286921 0.06291394 0.06289157
 [96,] -1.165252e-05 -0.06290323 0.06287992 0.06289157
 [97,]  7.918402e-06 -0.06288366 0.06289949 0.06289157
 [98,] -7.432114e-06 -0.06289901 0.06288414 0.06289158
 [99,] -6.023909e-06 -0.06289760 0.06288555 0.06289158
[100,]  3.265583e-06 -0.06288831 0.06289484 0.06289158
[101,] -5.728507e-06 -0.06289731 0.06288585 0.06289158
[102,] -1.330624e-06 -0.06289291 0.06289025 0.06289158
[103,]  1.148661e-06 -0.06289043 0.06289273 0.06289158
[104,] -4.629313e-06 -0.06289621 0.06288695 0.06289158
[105,] -8.430694e-06 -0.06290001 0.06288315 0.06289158
[106,]  4.541509e-06 -0.06288704 0.06289612 0.06289158
[107,] -2.427238e-06 -0.06289401 0.06288915 0.06289158
[108,]  2.413217e-06 -0.06288917 0.06289399 0.06289158
[109,] -2.168608e-06 -0.06289375 0.06288941 0.06289158
[110,]  5.837895e-06 -0.06288574 0.06289742 0.06289158
[111,] -9.824346e-06 -0.06290140 0.06288176 0.06289158
[112,]  4.310136e-06 -0.06288727 0.06289589 0.06289158
[113,] -6.603883e-06 -0.06289818 0.06288498 0.06289158
[114,]  4.643835e-06 -0.06288694 0.06289622 0.06289158
[115,] -2.647153e-06 -0.06289423 0.06288893 0.06289158
[116,]  4.409449e-06 -0.06288717 0.06289599 0.06289158
[117,] -3.967719e-06 -0.06289555 0.06288761 0.06289158
[118,] -6.784016e-07 -0.06289226 0.06289090 0.06289158
[119,] -5.228792e-06 -0.06289681 0.06288635 0.06289158
[120,]  1.847119e-06 -0.06288973 0.06289343 0.06289158
[121,] -5.701936e-06 -0.06289728 0.06288588 0.06289158
[122,]  1.951505e-06 -0.06288963 0.06289353 0.06289158
[123,] -4.114100e-06 -0.06289569 0.06288747 0.06289158
[124,]  4.290691e-07 -0.06289115 0.06289201 0.06289158
[125,] -2.812321e-06 -0.06289439 0.06288877 0.06289158
[126,] -1.029496e-06 -0.06289261 0.06289055 0.06289158
[127,] -2.646493e-07 -0.06289184 0.06289132 0.06289158
[128,] -1.289162e-06 -0.06289287 0.06289029 0.06289158
[129,] -1.252027e-06 -0.06289283 0.06289033 0.06289158
[130,] -1.525205e-06 -0.06289311 0.06289005 0.06289158
[131,] -1.567675e-06 -0.06289315 0.06289001 0.06289158
[132,] -1.324517e-06 -0.06289290 0.06289026 0.06289158
[133,]  3.181492e-07 -0.06289126 0.06289190 0.06289158
[134,] -6.000509e-07 -0.06289218 0.06289098 0.06289158
[135,] -6.330914e-07 -0.06289221 0.06289095 0.06289158
[136,] -1.392967e-06 -0.06289297 0.06289019 0.06289158
[137,] -9.313293e-07 -0.06289251 0.06289065 0.06289158
[138,] -2.522130e-06 -0.06289410 0.06288906 0.06289158
[139,] -3.325882e-07 -0.06289191 0.06289125 0.06289158
[140,] -1.724523e-06 -0.06289330 0.06288986 0.06289158
[141,] -4.489558e-07 -0.06289203 0.06289113 0.06289158
[142,] -1.660605e-06 -0.06289324 0.06288992 0.06289158
[143,] -9.191680e-07 -0.06289250 0.06289066 0.06289158
[144,] -1.862538e-06 -0.06289344 0.06288972 0.06289158
[145,] -1.170203e-06 -0.06289275 0.06289041 0.06289158
[146,] -1.475707e-06 -0.06289306 0.06289010 0.06289158
[147,] -9.324288e-07 -0.06289251 0.06289065 0.06289158
[148,] -1.691752e-06 -0.06289327 0.06288989 0.06289158
[149,] -9.171379e-07 -0.06289250 0.06289066 0.06289158
[150,] -1.420067e-06 -0.06289300 0.06289016 0.06289158
[151,] -9.502466e-07 -0.06289253 0.06289063 0.06289158
[152,] -1.044781e-06 -0.06289262 0.06289054 0.06289158
[153,] -1.028189e-06 -0.06289261 0.06289055 0.06289158
[154,] -9.695390e-07 -0.06289255 0.06289061 0.06289158
[155,] -1.330944e-06 -0.06289291 0.06289025 0.06289158
[156,] -1.168664e-06 -0.06289275 0.06289041 0.06289158
[157,] -1.334043e-06 -0.06289291 0.06289025 0.06289158
[158,] -1.011908e-06 -0.06289259 0.06289057 0.06289158
[159,] -1.174010e-06 -0.06289275 0.06289041 0.06289158
[160,] -9.231671e-07 -0.06289250 0.06289066 0.06289158

$inflation
                fcst       lower      upper         CI
  [1,] -8.656031e-03 -0.04276251 0.02545045 0.03410648
  [2,] -5.712468e-03 -0.04995003 0.03852509 0.04423756
  [3,] -3.175169e-03 -0.04775742 0.04140708 0.04458225
  [4,]  2.331379e-03 -0.04232861 0.04699137 0.04465999
  [5,] -4.992181e-04 -0.04516666 0.04416823 0.04466745
  [6,] -2.054568e-03 -0.04678201 0.04267287 0.04472744
  [7,]  4.984007e-03 -0.03978993 0.04975795 0.04477394
  [8,] -1.332706e-03 -0.04623136 0.04356595 0.04489866
  [9,] -1.822852e-03 -0.04675209 0.04310639 0.04492924
 [10,] -9.222414e-04 -0.04590961 0.04406513 0.04498737
 [11,]  2.969609e-03 -0.04203943 0.04797864 0.04500904
 [12,]  1.547612e-03 -0.04349534 0.04659056 0.04504295
 [13,] -6.694963e-03 -0.05177588 0.03838595 0.04508092
 [14,]  2.103711e-03 -0.04299519 0.04720261 0.04509890
 [15,]  5.761688e-04 -0.04462610 0.04577843 0.04520226
 [16,] -2.421871e-03 -0.04768921 0.04284547 0.04526734
 [17,]  3.158429e-03 -0.04214337 0.04846023 0.04530180
 [18,] -9.774835e-05 -0.04542292 0.04522743 0.04532517
 [19,] -5.243085e-03 -0.05068316 0.04019699 0.04544007
 [20,]  8.436433e-04 -0.04463268 0.04631997 0.04547632
 [21,]  1.899168e-03 -0.04362971 0.04742804 0.04552888
 [22,]  1.937833e-03 -0.04361251 0.04748817 0.04555034
 [23,] -9.076175e-05 -0.04574497 0.04556344 0.04565421
 [24,] -4.216605e-04 -0.04610137 0.04525805 0.04567971
 [25,]  5.434960e-04 -0.04519876 0.04628575 0.04574225
 [26,] -1.467804e-03 -0.04722195 0.04428634 0.04575414
 [27,]  1.893245e-03 -0.04389112 0.04767761 0.04578437
 [28,]  4.235230e-04 -0.04541531 0.04626236 0.04583884
 [29,] -1.545577e-03 -0.04741805 0.04432689 0.04587247
 [30,]  4.634583e-04 -0.04541256 0.04633948 0.04587602
 [31,] -6.554509e-04 -0.04653642 0.04522552 0.04588097
 [32,]  5.988154e-04 -0.04528350 0.04648113 0.04588232
 [33,] -6.104982e-04 -0.04649550 0.04527451 0.04588501
 [34,]  1.475315e-03 -0.04441140 0.04736203 0.04588672
 [35,] -3.853579e-04 -0.04627349 0.04550278 0.04588813
 [36,] -1.092628e-03 -0.04698311 0.04479786 0.04589048
 [37,]  3.754886e-04 -0.04552030 0.04627128 0.04589579
 [38,]  1.769983e-04 -0.04571993 0.04607393 0.04589693
 [39,] -2.566193e-04 -0.04615493 0.04564169 0.04589831
 [40,] -1.128800e-04 -0.04601150 0.04578574 0.04589862
 [41,] -3.139021e-05 -0.04593040 0.04586762 0.04589901
 [42,] -3.007037e-05 -0.04593165 0.04587151 0.04590158
 [43,] -7.076440e-04 -0.04661077 0.04519548 0.04590312
 [44,]  7.204134e-04 -0.04518479 0.04662561 0.04590520
 [45,] -1.462026e-04 -0.04605304 0.04576063 0.04590684
 [46,]  2.733882e-04 -0.04563429 0.04618107 0.04590768
 [47,] -6.169637e-05 -0.04597025 0.04584685 0.04590855
 [48,]  4.743258e-06 -0.04590545 0.04591494 0.04591019
 [49,] -7.236585e-05 -0.04598309 0.04583836 0.04591073
 [50,] -5.186192e-05 -0.04596410 0.04586037 0.04591224
 [51,] -3.722986e-05 -0.04594975 0.04587530 0.04591252
 [52,]  1.222743e-04 -0.04579102 0.04603557 0.04591329
 [53,] -1.394871e-04 -0.04605377 0.04577479 0.04591428
 [54,]  7.059240e-05 -0.04584386 0.04598505 0.04591445
 [55,]  3.988175e-05 -0.04587499 0.04595476 0.04591488
 [56,] -1.352679e-04 -0.04605029 0.04577976 0.04591502
 [57,]  2.416807e-04 -0.04567337 0.04615673 0.04591505
 [58,] -1.351734e-04 -0.04605030 0.04577995 0.04591513
 [59,] -9.132035e-05 -0.04600646 0.04582382 0.04591514
 [60,] -1.749247e-05 -0.04593273 0.04589774 0.04591524
 [61,]  1.282432e-04 -0.04578702 0.04604350 0.04591526
 [62,] -1.913776e-04 -0.04610666 0.04572391 0.04591528
 [63,]  9.018230e-05 -0.04582514 0.04600550 0.04591532
 [64,] -6.461077e-06 -0.04592183 0.04590890 0.04591537
 [65,] -4.421090e-05 -0.04595962 0.04587119 0.04591540
 [66,] -7.115527e-05 -0.04598662 0.04584431 0.04591547
 [67,]  8.861889e-05 -0.04582688 0.04600412 0.04591550
 [68,] -5.607097e-05 -0.04597161 0.04585947 0.04591554
 [69,] -5.746830e-06 -0.04592136 0.04590987 0.04591561
 [70,] -5.783568e-05 -0.04597349 0.04585782 0.04591566
 [71,]  2.234110e-05 -0.04589333 0.04593802 0.04591568
 [72,] -4.578440e-05 -0.04596148 0.04586991 0.04591570
 [73,]  1.092308e-04 -0.04580650 0.04602496 0.04591573
 [74,] -7.420183e-05 -0.04598994 0.04584153 0.04591573
 [75,] -4.107596e-05 -0.04595687 0.04587471 0.04591579
 [76,] -3.500698e-05 -0.04595081 0.04588080 0.04591581
 [77,] -4.704965e-06 -0.04592053 0.04591112 0.04591583
 [78,] -1.450100e-05 -0.04593033 0.04590133 0.04591583
 [79,]  1.327789e-05 -0.04590256 0.04592912 0.04591584
 [80,]  2.499523e-05 -0.04589086 0.04594085 0.04591585
 [81,] -4.426241e-05 -0.04596012 0.04587160 0.04591586
 [82,] -1.611206e-05 -0.04593197 0.04589975 0.04591586
 [83,] -1.090799e-06 -0.04591695 0.04591477 0.04591586
 [84,]  1.759499e-05 -0.04589827 0.04593346 0.04591587
 [85,] -3.875201e-05 -0.04595462 0.04587712 0.04591587
 [86,] -3.040077e-07 -0.04591617 0.04591556 0.04591587
 [87,] -1.858172e-05 -0.04593445 0.04589729 0.04591587
 [88,] -1.608783e-05 -0.04593196 0.04589979 0.04591587
 [89,] -2.593154e-05 -0.04594181 0.04588994 0.04591587
 [90,]  3.887523e-05 -0.04587700 0.04595475 0.04591588
 [91,] -3.341657e-05 -0.04594929 0.04588246 0.04591588
 [92,] -8.589165e-06 -0.04592447 0.04590729 0.04591588
 [93,] -1.764760e-05 -0.04593353 0.04589823 0.04591588
 [94,] -1.167570e-05 -0.04592756 0.04590421 0.04591588
 [95,] -2.350801e-05 -0.04593939 0.04589238 0.04591588
 [96,] -2.736047e-06 -0.04591862 0.04591315 0.04591589
 [97,] -1.269101e-05 -0.04592858 0.04590320 0.04591589
 [98,] -1.337999e-05 -0.04592927 0.04590251 0.04591589
 [99,] -1.462279e-05 -0.04593051 0.04590127 0.04591589
[100,]  1.993551e-06 -0.04591390 0.04591788 0.04591589
[101,] -2.597336e-05 -0.04594186 0.04588992 0.04591589
[102,] -1.009495e-05 -0.04592598 0.04590579 0.04591589
[103,] -6.542564e-06 -0.04592243 0.04590935 0.04591589
[104,] -1.441242e-05 -0.04593030 0.04590148 0.04591589
[105,] -1.115121e-05 -0.04592704 0.04590474 0.04591589
[106,] -7.618061e-06 -0.04592351 0.04590827 0.04591589
[107,] -2.891398e-06 -0.04591878 0.04591300 0.04591589
[108,] -2.017004e-05 -0.04593606 0.04589572 0.04591589
[109,] -4.976582e-06 -0.04592087 0.04591092 0.04591589
[110,] -1.087416e-05 -0.04592677 0.04590502 0.04591589
[111,] -1.174471e-05 -0.04592764 0.04590415 0.04591589
[112,] -1.434471e-05 -0.04593024 0.04590155 0.04591589
[113,] -6.248127e-06 -0.04592214 0.04590964 0.04591589
[114,] -1.611528e-05 -0.04593201 0.04589978 0.04591589
[115,] -9.480733e-06 -0.04592537 0.04590641 0.04591589
[116,] -1.125206e-05 -0.04592714 0.04590464 0.04591589
[117,] -6.061374e-06 -0.04592195 0.04590983 0.04591589
[118,] -1.649973e-05 -0.04593239 0.04589939 0.04591589
[119,] -8.839609e-06 -0.04592473 0.04590705 0.04591589
[120,] -1.335905e-05 -0.04592925 0.04590253 0.04591589
[121,] -1.324212e-05 -0.04592913 0.04590265 0.04591589
[122,] -1.183906e-05 -0.04592773 0.04590405 0.04591589
[123,] -9.233318e-06 -0.04592513 0.04590666 0.04591589
[124,] -1.130855e-05 -0.04592720 0.04590458 0.04591589
[125,] -1.083302e-05 -0.04592673 0.04590506 0.04591589
[126,] -1.079457e-05 -0.04592669 0.04590510 0.04591589
[127,] -1.090676e-05 -0.04592680 0.04590499 0.04591589
[128,] -1.266573e-05 -0.04592856 0.04590323 0.04591589
[129,] -9.866478e-06 -0.04592576 0.04590603 0.04591589
[130,] -9.987223e-06 -0.04592588 0.04590591 0.04591589
[131,] -1.266405e-05 -0.04592856 0.04590323 0.04591589
[132,] -1.023017e-05 -0.04592612 0.04590566 0.04591589
[133,] -1.128148e-05 -0.04592717 0.04590461 0.04591589
[134,] -1.025503e-05 -0.04592615 0.04590564 0.04591589
[135,] -1.198872e-05 -0.04592788 0.04590390 0.04591589
[136,] -9.379132e-06 -0.04592527 0.04590651 0.04591589
[137,] -1.223190e-05 -0.04592812 0.04590366 0.04591589
[138,] -1.134415e-05 -0.04592724 0.04590455 0.04591589
[139,] -1.164864e-05 -0.04592754 0.04590424 0.04591589
[140,] -1.059741e-05 -0.04592649 0.04590530 0.04591589
[141,] -1.182442e-05 -0.04592772 0.04590407 0.04591589
[142,] -1.014346e-05 -0.04592604 0.04590575 0.04591589
[143,] -1.138850e-05 -0.04592728 0.04590450 0.04591589
[144,] -1.102634e-05 -0.04592692 0.04590487 0.04591589
[145,] -1.169350e-05 -0.04592759 0.04590420 0.04591589
[146,] -1.073324e-05 -0.04592663 0.04590516 0.04591589
[147,] -1.150779e-05 -0.04592740 0.04590438 0.04591589
[148,] -1.114391e-05 -0.04592704 0.04590475 0.04591589
[149,] -1.095914e-05 -0.04592685 0.04590493 0.04591589
[150,] -1.102198e-05 -0.04592691 0.04590487 0.04591589
[151,] -1.113738e-05 -0.04592703 0.04590476 0.04591589
[152,] -1.091101e-05 -0.04592680 0.04590498 0.04591589
[153,] -1.100218e-05 -0.04592689 0.04590489 0.04591589
[154,] -1.127211e-05 -0.04592716 0.04590462 0.04591589
[155,] -1.107045e-05 -0.04592696 0.04590482 0.04591589
[156,] -1.111222e-05 -0.04592700 0.04590478 0.04591589
[157,] -1.110742e-05 -0.04592700 0.04590479 0.04591589
[158,] -1.133570e-05 -0.04592723 0.04590456 0.04591589
[159,] -1.087824e-05 -0.04592677 0.04590501 0.04591589
[160,] -1.127372e-05 -0.04592717 0.04590462 0.04591589
